
Algoritmo PSO. Resultados de convergência para a função sphere (32 repetições)
S	N	Média	Mediana	Mínimo	Desvio Padrão	goals/32
10	6	5.40530890366e-28	7.88599482914e-45	6.89016988499e-54	3.00954683295e-27	1.0
10	10	1.31667676864e-15	6.8892228683e-19	7.66934523793e-26	6.2078475159e-15	1.0
10	14	1.76464499038e-09	2.0669929006e-12	1.41303525706e-16	8.62412608653e-09	1.0
10	18	1.5923913012e-06	4.13437949782e-09	3.06988312047e-11	8.58170640953e-06	1.0
10	22	1.08834509347e-05	5.96628487362e-07	3.47337801857e-09	2.39169335159e-05	1.0
15	6	1.77341219834e-51	4.00363963776e-59	3.57740309587e-67	9.82488446431e-51	1.0
15	10	6.55347772908e-27	3.84624607898e-30	1.52896369258e-35	2.1516628363e-26	1.0
15	14	5.83612356935e-15	4.03496649303e-20	6.108179091e-25	2.25661763522e-14	1.0
15	18	9.09104542804e-12	3.52925338637e-13	6.03602314501e-16	2.32213557234e-11	1.0
15	22	2.76275688403e-09	8.68219044477e-11	1.70002068886e-12	7.4486920892e-09	1.0
20	6	1.97380782864e-61	7.09165511168e-67	8.47027748851e-71	1.0945129878e-60	1.0
20	10	5.93442089254e-30	3.84867262742e-35	2.60636583499e-40	3.2244046936e-29	1.0
20	14	3.68909381915e-21	3.10969573186e-24	6.89327850659e-27	1.43173570566e-20	1.0
20	18	9.56328227618e-13	1.61571304107e-16	9.51078776756e-20	4.26615431864e-12	1.0
20	22	9.77070776758e-11	5.67191423493e-13	5.25344518982e-15	4.44484563622e-10	1.0

Algoritmo ABC. Resultados de convergência para a função sphere (32 repetições)
S	N	Média	Mediana	Mínimo final	Desvio Padrão	goals/32	Minimo historico	goals/32
10	6	0.012619615099	5.7289770851e-06	7.29282618767e-12	0.0275429759916	0.78125	3.17065961667e-21	1.0
10	10	0.0865450174172	0.00457101108511	4.22255407195e-09	0.163743692895	0.625	3.31424519002e-09	1.0
10	14	1.87518332388	0.113997655271	3.77552194336e-05	4.87917686336	0.1875	8.51734825917e-08	0.96875
10	18	4.29779095469	0.722153260024	0.000563939687897	9.17652876378	0.09375	0.000141228462697	0.71875
10	22	10.9886564471	1.07095043946	9.42551228546e-05	20.385686018	0.03125	5.49327729019e-06	0.53125
15	6	0.00820044888524	2.22637431508e-05	5.65525949774e-08	0.0257038057863	0.90625	1.50488201285e-13	1.0
15	10	0.190113893924	0.00952730379863	3.95302453693e-07	0.681268706191	0.5	3.46817733037e-10	1.0
15	14	0.573514827752	0.133893144151	0.000110913276313	1.01457363239	0.15625	3.69898697826e-06	1.0
15	18	1.9122642584	0.382911453434	0.0104574583559	3.5557814766	0.0	0.00067230502695	0.6875
15	22	1.99125009551	0.850988482738	0.0076162705082	3.01187027774	0.03125	0.00114815978041	0.21875
20	6	0.000911795058732	3.42966020916e-05	1.17000998997e-08	0.00321860082232	0.96875	3.37581084721e-14	1.0
20	10	0.0179077020016	0.00752160861942	0.000658632409474	0.0222220471535	0.53125	2.3588500336e-08	1.0
20	14	0.40622333706	0.0670859853861	0.000427570569682	0.752647949842	0.21875	8.38317772845e-05	0.96875
20	18	0.492057414696	0.172651228789	0.00411606439324	0.798483632559	0.03125	6.51387681427e-05	0.59375
20	22	1.99509634131	0.628053359054	0.00821380850236	3.05765503481	0.03125	0.0045666064409	0.125

Algoritmo PSO. Resultados de convergência para a função quadric (32 repetições)
S	N	Média	Mediana	Mínimo	Desvio Padrão	goals/32
10	6	2.26449861543e-14	4.47777097089e-19	3.2889617972e-24	9.94283084904e-14	1.0
10	10	1.05325360054e-05	8.09882999795e-07	2.4846353438e-08	4.74245437726e-05	1.0
10	14	0.00629981182013	0.00293433276875	0.000187700476405	0.00788721376454	0.75
10	18	0.165147671208	0.116111505546	0.0270045333876	0.138724790192	0.0
10	22	1.25039247133	1.01014532159	0.153015626872	0.780045273731	0.0
15	6	1.27546117692e-22	1.61968719227e-24	4.72306777357e-31	4.20185440813e-22	1.0
15	10	1.27395232128e-08	4.69059979939e-09	1.54998446854e-10	2.08473828735e-08	1.0
15	14	0.000736302877021	0.000579947560164	1.17701722316e-05	0.000706634152727	1.0
15	18	0.051847092486	0.0418676108242	0.00253074836819	0.0428602451427	0.0625
15	22	0.649268641859	0.521427880445	0.117887810172	0.458136313709	0.0
20	6	1.55477210699e-26	4.60278727307e-29	1.53100955889e-32	5.40752528001e-26	1.0
20	10	1.33781599939e-08	1.61237990099e-10	7.87579504343e-12	6.77462414324e-08	1.0
20	14	0.000149898935687	0.000107741055751	1.61250730003e-05	0.000115787967189	1.0
20	18	0.0229934319689	0.0202518810657	0.00206914501518	0.0175198751934	0.3125
20	22	0.3545873022	0.316427118737	0.0697907030929	0.228393501671	0.0

Algoritmo ABC. Resultados de convergência para a função quadric (32 repetições)
S	N	Média	Mediana	Mínimo final	Desvio Padrão	goals/32	Minimo historico	goals/32
10	6	7.86745856438	7.99732350342	1.83464213398	4.20860866567	0.0	0.164179565281	0.0
10	10	37.3694929267	37.1461141947	13.3964359058	15.5076625219	0.0	4.447226161	0.0
10	14	74.5976999625	72.991467029	31.3413590275	26.6526530637	0.0	17.4786039815	0.0
10	18	138.737079043	138.379886761	77.8427551308	33.7006000657	0.0	40.2992655239	0.0
10	22	199.915419687	200.809206063	96.1896232694	46.7408315749	0.0	72.0267162828	0.0
15	6	5.52304079152	5.24889174449	1.28472524519	2.2308995522	0.0	0.340134363278	0.0
15	10	33.9154216444	33.3365421697	7.45494746673	13.28415268	0.0	5.10221442915	0.0
15	14	70.9807245753	63.8847362188	20.000811641	29.2753192129	0.0	13.3043369179	0.0
15	18	130.62894212	129.97640133	71.7954767607	23.5549583948	0.0	35.6516281112	0.0
15	22	204.499118411	201.959061705	100.284776314	53.2276115075	0.0	72.804703588	0.0
20	6	4.92203919225	4.22987502484	0.880479007328	3.20204864358	0.0	0.351227887454	0.0
20	10	27.7092002431	28.4168677063	9.53554409647	11.0452631193	0.0	3.62852060566	0.0
20	14	71.6798706575	71.1274587936	27.1636123315	23.5937966005	0.0	17.3966826196	0.0
20	18	118.899174652	118.152150557	35.3682925048	37.5878806724	0.0	35.3682925048	0.0
20	22	184.620194953	183.05500138	112.550081415	35.6877938257	0.0	62.937374372	0.0

Algoritmo PSO. Resultados de convergência para a função rastrigin (32 repetições)
S	N	Média	Mediana	Mínimo	Desvio Padrão	goals/32
10	6	1.52353106411	0.994959181727	0.0	1.16627852456	0.1875
10	10	8.04297866433	6.9647088566	1.98991811419	4.11148892756	0.0
10	14	17.1061378987	14.9243732651	4.12848063263	7.69792036777	0.0
10	18	29.8202045085	29.8487288965	12.9345513149	9.96265874782	0.0
10	22	40.9077447955	37.3281430985	18.9884702467	13.0237212402	0.0
15	6	1.21633119223	0.994959057093	0.0	1.1321099126	0.28125
15	10	6.74716975166	5.96975434256	1.98991811419	2.71044383352	0.0
15	14	14.7106274736	13.9294167298	5.96975434459	5.40259168858	0.0
15	18	24.4701742131	22.8840280635	10.9445446341	9.57840782796	0.0
15	22	33.8318231019	29.3512841889	15.9193399034	13.189417068	0.0
20	6	0.901681652283	0.994959057093	0.0	0.800593382576	0.34375
20	10	5.25462499996	4.47731323801	1.04733999251e-11	2.8277020723	0.03125
20	14	12.2969618013	10.4470675806	2.98487906924	5.08275599068	0.0
20	18	21.1487622182	20.396654058	8.95462768367	9.21338670774	0.0
20	22	33.1649727308	35.3209657172	10.9445445924	11.586540192	0.0

Algoritmo ABC. Resultados de convergência para a função rastrigin (32 repetições)
S	N	Média	Mediana	Mínimo final	Desvio Padrão	goals/32	Minimo historico	goals/32
10	6	7.80881228002	7.4687005982	1.18107873124	3.9119111752	0.0	0.0155468358497	0.0
10	10	22.1082496489	23.0274716558	6.39969441592	8.03915974088	0.0	4.27018651837	0.0
10	14	49.5779783444	41.8363592073	14.4238782892	22.0600601851	0.0	10.2002321243	0.0
10	18	70.0225552009	60.1808270815	29.6742270418	38.3647649508	0.0	20.70714974	0.0
10	22	87.2631574879	79.4106565527	47.3198705511	34.8605504977	0.0	30.1679353541	0.0
15	6	5.94186664335	5.4254127645	1.35046011481	2.82964969244	0.0	0.0645516123927	0.0
15	10	19.3990892657	20.1831478661	4.83572605937	6.47092262344	0.0	3.06380173034	0.0
15	14	41.1053417446	36.8228506736	18.160623566	14.2444967736	0.0	9.3296059672	0.0
15	18	66.5747152469	63.5027565898	20.7158612351	23.6351778257	0.0	18.5045830904	0.0
15	22	90.3398289441	83.7632857051	27.8073087515	36.108470089	0.0	23.3945595954	0.0
20	6	5.24254613459	4.86345614036	0.232651052264	2.80398420833	0.0	0.103265217387	0.0
20	10	21.2600694847	21.1542260231	7.06098358552	8.74430144624	0.0	1.51964215823	0.0
20	14	35.4402741341	34.6817311302	8.74697364571	13.587263477	0.0	7.87750360773	0.0
20	18	51.7152692144	49.5169428255	21.6706732639	15.2633146335	0.0	14.1301648957	0.0
20	22	84.8255515008	80.1754004125	47.6467651022	21.5430911195	0.0	26.0886181382	0.0

Algoritmo PSO. Resultados de convergência para a função rosenbrock (32 repetições)
S	N	Média	Mediana	Mínimo	Desvio Padrão	goals/32
10	6	1.99614676865	0.496782358456	0.0348855864704	2.99701514297	0.03125
10	10	8.14163740544	5.65205802986	0.41117818266	7.62426048592	0.0
10	14	12.3672271581	11.0801646597	1.42393839395	8.61036811077	0.0
10	18	16.2187700407	14.7904208077	1.63179481473	8.91568394242	0.0
10	22	23.884242472	21.8813419312	5.6349504502	12.5532617588	0.0
15	6	0.39364800092	0.154805647462	2.52409830827e-05	0.508271826626	0.3125
15	10	7.13679626953	5.68538234292	0.289647436684	6.47283665114	0.0
15	14	13.0259784023	11.9959824376	1.26499498878	8.18520801558	0.0
15	18	17.8396371574	14.2126668706	2.34435254012	11.9005925516	0.0
15	22	26.1547702895	25.1543902226	5.57977264921	12.6541717266	0.0
20	6	0.727790609593	0.0881605279804	0.0126723938474	2.36162068382	0.59375
20	10	4.80809925528	2.68791825548	0.197769026017	5.9074242111	0.0
20	14	13.4133093282	12.0324865874	0.470663337497	9.36532644387	0.0
20	18	18.0230531362	17.1495052659	1.11408208061	9.68103061704	0.0
20	22	22.3029390946	22.1089817129	3.73249827431	9.94355199227	0.0

Algoritmo ABC. Resultados de convergência para a função rosenbrock (32 repetições)
S	N	Média	Mediana	Mínimo final	Desvio Padrão	goals/32	Minimo historico	goals/32
10	6	25.2470123494	18.9119100505	1.91544669053	23.411386628	0.0	0.422614933441	0.0
10	10	258.597002293	164.032285105	18.8922165715	281.499044129	0.0	4.22622933032	0.0
10	14	1028.71082061	298.457441263	20.9654719856	2644.91203119	0.0	8.83697136087	0.0
10	18	2396.7615069	1262.80805605	90.2760747152	2822.65150101	0.0	19.0410177903	0.0
10	22	7012.21962315	2891.5815698	370.516844916	10894.3896684	0.0	56.4762474471	0.0
15	6	19.6926565281	14.2419144992	1.06953825945	22.0917888144	0.0	0.399723815932	0.0
15	10	182.213317202	47.9659993636	15.1131655499	403.218791383	0.0	3.70484819638	0.0
15	14	659.100519556	351.342853236	21.4260374598	909.33461857	0.0	13.5139241155	0.0
15	18	1220.96361571	810.681771573	59.9706886609	1174.92483633	0.0	24.4641318406	0.0
15	22	6316.70975901	1940.36158674	217.879303953	11300.3045117	0.0	39.0377148982	0.0
20	6	18.0901268934	10.2020492848	1.64652299532	24.428594031	0.0	0.267692415445	0.0
20	10	111.723141004	63.9207189322	20.8326094972	115.287370942	0.0	2.84996381111	0.0
20	14	514.228329879	219.147799292	40.9925376756	702.478143502	0.0	8.75912301673	0.0
20	18	816.818401665	624.932514537	50.3210368271	749.791057878	0.0	20.6419005861	0.0
20	22	2319.50180196	1561.65646742	248.973267447	2869.36134297	0.0	19.0772557589	0.0

Algoritmo PSO. Resultados de convergência para a função schwefel (32 repetições)
S	N	Média	Mediana	Mínimo	Desvio Padrão	goals/32
10	6	1616.35083134	1641.00147398	874.06144597	265.118020547	0.0
10	10	3092.74009323	3178.86618486	2184.87103577	344.736550036	0.0
10	14	4777.56536508	4762.24047581	3958.7101184	386.566628072	0.0
10	18	6285.4904344	6338.24683772	5263.4318868	472.252966522	0.0
10	22	7814.89204724	7994.54809436	6747.12674	429.811422641	0.0
15	6	1586.32204223	1633.39059499	889.53942169	282.252399262	0.0
15	10	3028.65904055	3031.03112726	2372.77156099	323.893930941	0.0
15	14	4514.72481375	4545.46290052	3304.45578636	473.427657174	0.0
15	18	6106.07151353	6155.76607358	5045.66578244	430.603792365	0.0
15	22	7508.46096057	7469.77141494	6474.10337412	503.621142435	0.0
20	6	1552.39904097	1532.76292682	962.456058614	204.171993229	0.0
20	10	2933.19754565	2997.74602644	2166.20598764	338.073006511	0.0
20	14	4531.81121678	4552.36897007	4036.68037235	296.323431637	0.0
20	18	5823.36339509	5910.29247863	4467.79409315	464.14311407	0.0
20	22	7406.61620252	7424.00603153	6154.44729712	504.374330094	0.0

Algoritmo ABC. Resultados de convergência para a função schwefel (32 repetições)
S	N	Média	Mediana	Mínimo final	Desvio Padrão	goals/32	Minimo historico	goals/32
10	6	401.262877913	375.702036206	39.5671537076	178.299842956	0.0	1.22798512704	0.0
10	10	893.127941	871.292291356	329.834242311	298.474368403	0.0	126.706524514	0.0
10	14	1485.57562752	1573.97672456	814.086173004	326.355801991	0.0	453.036646757	0.0
10	18	2209.01193525	2186.95657386	1479.18352532	377.419485979	0.0	967.388851514	0.0
10	22	3069.27396069	3023.44346481	2211.38323265	600.730730481	0.0	1473.4129653	0.0
15	6	346.270609881	351.545695415	72.2092516979	113.837574955	0.0	1.66649644734	0.0
15	10	849.051630446	854.479731464	387.426520131	232.542114851	0.0	196.615765748	0.0
15	14	1472.29005391	1444.09873214	897.310389078	318.510370905	0.0	427.153890928	0.0
15	18	2182.09035946	2154.66333809	1262.60314445	455.227953369	0.0	1036.60081862	0.0
15	22	2929.32574655	2884.51870999	2006.27528704	515.08898649	0.0	1089.17996805	0.0
20	6	306.569462752	283.669388306	69.5826232767	121.131793763	0.0	1.71377038076	0.0
20	10	831.785228783	858.881629278	473.745759673	193.359075127	0.0	193.168254513	0.0
20	14	1479.91664407	1446.67980026	898.42842052	360.527311444	0.0	569.374410145	0.0
20	18	2152.39707118	2186.38840711	1559.45268803	326.362242203	0.0	973.150365806	0.0
20	22	2875.83809811	2855.82316526	2027.51269481	320.212732915	0.0	1281.4244254	0.0

Algoritmo PSO. Resultados de convergência para a função ackley (32 repetições)
S	N	Média	Mediana	Mínimo	Desvio Padrão	goals/32
10	6	0.422114188391	3.99680288865e-15	4.4408920985e-16	1.28604863028	0.84375
10	10	5.88675803167	4.43758789021	0.0005758408434	3.71120122912	0.03125
10	14	15.9960660917	17.1854800876	10.2818058113	2.41631326919	0.0
10	18	18.7681061424	18.8891310437	14.8930189933	0.885677242387	0.0
10	22	19.5364159569	19.5858589714	18.4718663813	0.472684571771	0.0
15	6	3.44169137634e-15	3.99680288865e-15	4.4408920985e-16	1.28996258548e-15	1.0
15	10	1.56373921235	1.15526843705	6.04361005685e-12	1.6319592881	0.28125
15	14	13.4759290644	13.8622673064	5.21145724178	3.36039193002	0.0
15	18	18.0389166312	18.3224253641	12.6508093778	1.27775582651	0.0
15	22	19.2577679544	19.3881869642	17.9653959711	0.441020436148	0.0
20	6	3.77475828373e-15	3.99680288865e-15	4.4408920985e-16	8.5997505699e-16	1.0
20	10	1.06830183456	5.54094428118e-08	3.99680288865e-15	1.90662871631	0.65625
20	14	10.3267406237	11.2120113436	1.425161745	4.47400749421	0.0
20	18	17.0709983482	17.252040081	13.5889223499	1.25830215376	0.0
20	22	19.0820979842	19.1467565165	17.3880134593	0.562944361322	0.0

Algoritmo ABC. Resultados de convergência para a função ackley (32 repetições)
S	N	Média	Mediana	Mínimo final	Desvio Padrão	goals/32	Minimo historico	goals/32
10	6	0.857680162845	0.291863117961	1.65420918297e-07	1.26744992699	0.1875	2.52914578169e-10	0.84375
10	10	3.45623160775	3.07932351266	0.00503127536019	2.00790931396	0.03125	6.95947241924e-06	0.09375
10	14	4.05056356947	4.06233508032	0.48906995099	1.71934077869	0.0	0.322019519255	0.0
10	18	5.64748907161	5.05954610505	0.0142238323394	3.1158884168	0.0	0.0142238323394	0.0
10	22	6.89336057478	6.02826649705	2.80825252064	2.87806769219	0.0	1.68397953519	0.0
15	6	1.06368916224	0.565592308267	1.4434008595e-05	1.1372374361	0.0625	7.00682349919e-07	0.75
15	10	2.75173029973	2.48543588521	1.20104400509	1.10807376108	0.0	0.0719082061128	0.0
15	14	4.1056510078	3.46798150531	1.80076318591	1.8875852247	0.0	0.365913091454	0.0
15	18	4.90584336947	4.65681589477	2.14276249499	1.8388766062	0.0	1.45776945944	0.0
15	22	5.67470456834	5.33010168617	2.84619568786	1.83641637721	0.0	1.78101361897	0.0
20	6	0.620969624308	0.400944644559	0.0102844237075	0.585340415171	0.0	0.000336782568319	0.59375
20	10	2.61621144121	2.49672739729	0.53906854402	1.03854759008	0.0	0.0579737167021	0.0
20	14	3.34005667953	3.14305113954	1.31880714627	1.31524496315	0.0	0.637008030511	0.0
20	18	4.78686623	4.38626996503	2.26708261247	1.56394907609	0.0	1.34517088727	0.0
20	22	5.84624738899	5.48231892125	2.81199542947	1.93125169535	0.0	2.51162022852	0.0

Algoritmo PSO. Resultados de convergência para a função michalewicz (32 repetições)
S	N	Média	Mediana	Mínimo	Desvio Padrão	goals/32
10	6	-5.59186503582	-5.64589420975	-5.75994670443	0.111626624812	0.0
10	10	-8.99988990402	-9.04580278118	-9.53966441744	0.409397302467	0.0
10	14	-12.4299637729	-12.4779125118	-13.2975244284	0.536500637461	0.0
10	18	-15.3115253882	-15.4483287171	-16.821285898	0.8760734405	0.0
10	22	-18.2154123875	-18.2906552443	-19.7280009681	0.862881245771	0.0
15	6	-5.60035361609	-5.64589536775	-5.83254337064	0.124633408573	0.0
15	10	-9.30755306559	-9.30680625415	-9.62254014622	0.196466145167	0.0
15	14	-12.5706268548	-12.6715828951	-13.2780540358	0.467360535498	0.0
15	18	-16.068382288	-16.1437981306	-17.110636074	0.598968298652	0.0
15	22	-18.8272412001	-18.8057367629	-20.5110622694	0.837079783551	0.0
20	6	-5.6227544997	-5.64589536775	-5.8513901322	0.0870483851818	0.0
20	10	-9.26216218782	-9.31147889658	-9.59315033218	0.261043810086	0.0
20	14	-12.8773159051	-12.9055780195	-13.4345732536	0.320910539137	0.0
20	18	-16.2955673494	-16.2519587643	-17.3938924821	0.514437907181	0.0
20	22	-19.2226587659	-19.3502150915	-20.5309000956	0.839863419138	0.0

Algoritmo ABC. Resultados de convergência para a função michalewicz (32 repetições)
S	N	Média	Mediana	Mínimo final	Desvio Padrão	goals/32	Minimo historico	goals/32
10	6	-5.63971608959	-5.65921604274	-5.68765817632	0.0769321780105	0.0	-5.68765817909	0.0
10	10	-8.91590497331	-8.99019178308	-9.49001191506	0.505654153218	0.0	-9.65891511648	0.0
10	14	-11.6986014042	-11.82646644	-13.0844714275	0.743334837672	0.0	-13.4123964726	0.0
10	18	-14.5007744251	-14.4319666895	-16.3730930443	1.22756641289	0.0	-16.67730276	0.0
10	22	-16.4161346223	-16.5838987034	-18.8229531956	1.49108471354	0.0	-19.8546445122	0.0
15	6	-5.64182327234	-5.68741786989	-5.68765817895	0.110777172833	0.0	-5.68765817909	0.0
15	10	-9.10439246175	-9.21107427706	-9.61803338956	0.363264916017	0.0	-9.66013270518	0.0
15	14	-12.132194483	-12.1256493595	-13.1079804265	0.57562332472	0.0	-13.5767318143	0.0
15	18	-14.885699435	-15.0587420329	-16.3061845108	0.822279948389	0.0	-16.7274130407	0.0
15	22	-17.0999550569	-17.224021154	-19.2930145711	1.02565918469	0.0	-19.691953315	0.0
20	6	-5.66474279437	-5.68733861366	-5.68765817905	0.0474326445968	0.0	-5.68765817909	0.0
20	10	-9.25852162868	-9.30691472185	-9.58373612534	0.230012525021	0.0	-9.659514833	0.0
20	14	-12.2027447793	-12.1360640959	-12.9686353413	0.408736116499	0.0	-13.2528931411	0.0
20	18	-14.8740843099	-14.8262776993	-16.440015037	0.726716590599	0.0	-16.9150271125	0.0
20	22	-17.3540292661	-17.4055376174	-18.7020728247	0.802846454573	0.0	-20.3428597149	0.0
